7149 4889 11903 5845 1934 12235 12162 5148 12091 12185
11107 2410 4889 11903 12162 5845 3469 168 12235 1801
2169 2171 3611 7205 9304 9958 6666 2232 129 3928
2946 9128 3702 129 9129 8533 2176 4122 315 10471
9412 3083 3025 3094 9423 5121 3161 11888 9047 4893
9412 3083 9423 3025 3094 5121 3161 11888 9047 4893
12923 7500 2767 10494 3862 8161 10712 2623 9675 3957
11041 12841 7429 12760 5866 3473 6998 11519 7669 14779
4330 12014 1853 10611 5783 8577 12843 13834 12757 4277
10815 9587 7191 13205 10508 5659 1526 11579 7810 4237
4516 78 12229 11934 12969 4519 7421 10155 80 10156
514 8144 13398 9565 9988 5439 2626 2683 4298 522
2067 13059 2947 833 11324 1862 6127 6454 9978 6326
12411 3616 3611 1436 6484 9304 14146 343 3228 12117
6342 267 5152 6344 8086 8149 5315 10324 4138 908
1799 3354 459 834 3181 14558 127 6371 2046 11723
